993
754
987
71
476
868
221
913
592
251
868
525
852
819
497
414
378
232
997
55
804
647
560
930
723
995
785
409
234
537
70
638
143
941
780
8
27
408
388
227
1002
859
14
730
591
827
824
346
5
402
701
521
819
640
226
644
987
21
487
321
145
754
271
691
1019
291
855
22
383
714
236
320
940
716
89
116
927
524
104
641
360
580
391
597
832
1001
160
419
589
493
161
49
471
498
929
367
461
661
504
700
151
226
668
170
884
605
938
177
669
355
71
725
707
531
87
821
488
330
206
69
782
858
620
262
90
1013
117
378
465
230
951
565
631
448
327
626
894
20
138
826
601
941
108
752
373
14
832
478
1005
896
909
780
571
697
142
320
703
881
272
1009
641
456
259
469
548
899
55
675
162
561
184
349
621
838
901
690
893
945
663
285
125
255
548
148
79
230
907
856
672
161
461
1008
50
393
578
395
253
102
735
835
372
990
613
641
316
221
629
271
987
105
890
676
869
471
735
620
630
947
638
211
283
528
815
452
338
320
977
224
853
882
984
709
209
613
359
743
343
600
763
428
654
176
935
772
314
292
565
473
746
505
326
240
186
635
501
642
587
37
626
808
409
367
900
632
81
750
326
194
897
282
967
526
625
952
16
650
513
501
262
195
26
190
850
219
819
86
926
662
289
819
258
577
601
880
382
435
555
31
1006
957
1002
498
793
693
95
185
685
328
532
449
454
105
919
388
453
385
575
82
77
543
31
786
688
47
647
826
308
545
333
746
566
701
908
196
984
647
888
601
649
469
80
869
200
338
969
935
229
527
150
495
339
221
361
774
653
914
846
196
889
246
352
446
573
967
623
970
877
476
531
28
340
528
445
147
72
113
940
114
805
920
342
831
103
488
781
389
904
308
76
949
414
203
137
812
814
851
782
392
114
172
731
865
352
479
242
29
350
861
30
395
845
617
342
431
221
993
164
585
733
383
8
1008
604
385
157
812
804
563
892
694
868
136
391
256
662
52
17
25
894
461
104
82
100
101
652
817
509
461
924
624
829
92
203
4
567
46
240
580
207
639
77
626
342
963
385
7
196
200
970
813
942
300
236
603
463
532
13
471
475
746
633
976
365
641
333
128
559
716
675
53
239
358
3
135
890
616
730
454
1006
155
642
666
332
444
320
998
438
577
841
513
729
586
339
338
738
533
523
42
42
540
944
476
32
261
779
938
803
303
441
214
670
21
177
1001
275
138
852
453
416
1015
660
627
997
978
549
439
693
803
198
278
58
881
87
398
165
10
854
767
677
439
435
432
900
36
136
919
606
237
66
344
1005
665
15
180
284
301
807
572
641
210
886
431
832
400
288
506
735
20
720
536
178
274
619
626
776
699
604
149
781
958
628
900
752
388
638
446
429
88
547
488
431
347
905
815
417
888
542
851
216
512
670
430
992
259
285
862
955
22
384
701
879
67
185
960
340
244
742
528
547
315
77
367
27
757
472
534
154
102
401
110
551
518
171
197
141
309
755
605
520
664
495
941
603
81
455
75
398
152
36
339
402
797
196
392
302
588
254
845
77
852
839
943
721
373
714
185
755
1002
215
765
547
866
1
43
44
809
777
696
548
131
853
199
42
824
334
985
806
200
567
745
7
67
828
312
409
32
377
823
454
312
871
759
444
607
820
963
266
801
410
94
875
754
875
154
601
293
906
547
1013
388
1014
498
485
374
844
7
878
255
936
943
757
840
63
728
176
856
225
1013
772
320
120
106
983
606
258
404
803
876
57
822
988
831
609
793
47
91
802
419
157
773
751
91
188
886
811
592
879
589
148
1001
783
764
786
310
595
740
180
823
641
74
534
801
657
687
267
560
188
946
917
767
237
768
38
915
926
381
965
694
573
818
320
960
620
692
673
39
388
987
777
1006
586
476
225
905
462
208
292
179
201
821
766
255
389
589
585
961
343
812
413
951
643
661
962
333
640
547
979
767
217
58
276
953
794
79
254
619
