Output { status: ExitStatus(unix_wait_status(9)), stdout: "
237
880
142
325
930
959
525
169
97
633
184
55
778
422
950
77
1011
445
877
88
374
298
602
443
968
930
577
253
328
447
420
446
756
96
920
950
646
212
1014
632
122
389
373
838
245
481
94
448
754
580
952
580
474
664
346
705
977
736
363
447
874
999
538
126
960
757
644
781
98
88
150
394
776
860
908
869
662
1017
1002
334
450
438
1002
622
297
712
586
650
306
668
1002
753
18
233
496
560
936
491
110
430
791
933
21
535
150
464
380
4
26
254
88
217
900
567
452
164
231
971
633
568
271
824
223
800
951
435
792
176
396
865
162
787
93
906
597
757
645
245
713
975
484
720
886
206
822
962
817
785
599
494
244
385
858
889
947
701
57
931
802
441
340
1013
665
573
807
661
577
774
286
775
941
441
562
376
1007
644
868
695
341
440
422
607
450
769
338
601
428
423
427
599
355
881
511
692
354
161
721
100
469
31
594
468
316
222
627
413
551
6
457
116
123
426
58
603
497
42
436
11
159
1012
373
31
461
504
21
156
995
185
71
936
581
324
181
441
749
518
300
1011
59
319
8
369
707
261
942
55
221
520
832
234
273
342
793
480
776
236
779
863
975
195
623
743
136
713
460
639
926
31
448
127
542
480
576
487
773
297
924
33
566
293
684
94
580
849
179
446
581
295
282
830
148
557
1023
844
715
179
58
317
640
489
621
982
364
848
50
768
217
868
879
680
523
331
442
771
16
905
459
994
812
1022
298
438
272
812
190
674
28
767
195
254
517
365
755
599
197
74
232
303
689
853
73
186
444
540
539
178
789
228
730
40
454
670
950
94
763
581
881
794
98
339
459
660
837
261
227
648
668
28
331
49
7
512
923
498
860
665
715
718
437
706
562
220
682
802
342
739
921
842
869
946
792
146
323
823
395
754
641
960
252
824
945
306
314
910
593
170
364
517
655
836
285
710
969
62
388
276
165
942
583
648
66
990
571
115
27
257
134
760
886
713
762
100
114
945
338
757
253
709
490
915
203
414
185
52
269
625
17
870
397
287
659
458
461
694
604
84
412
376
182
161
434
14
285
930
471
53
778
120
718
53
949
647
599
152
65
823
716
734
282
153
379
773
140
579
26
445
453
410
508
661
412
207
617
5
81
145
95
385
366
905
346
604
229
1017
151
639
710
753
282
161
510
321
179
942
405
267
594
764
648
941
153
232
390
398
985
820
493
340
604
892
401
941
36
70
694
794
310
826
700
228
931
297
49
67
581
797
10
894
341
214
35
903
137
491
1010
730
744
666
338
189
725
731
828
740
278
324
799
808
722
60
80
501
309
212
30
271
880
658
401
472
739
158
801
644
480
379
857
831
714
897
54
974
3
593
736
270
816
952
681
76
818
482
602
745
158
248
993
405
959
671
244
898
985
732
666
906
965
834
648
805
324
307
405
778
225
535
551
742
1011
115
973
832
250
406
812
374
646
848
453
370
525
155
219
555
360
49
385
569
167
809
45
1004
706
770
199
816
705
94
683
886
86
283
177
300
410
743
352
682
221
728
729
390
269
298
128
628
966
671
482
800
849
55
539
18
393
338
905
260
919
482
621
490
300
552
435
543
641
762
432
161
248
736
619
200
965
219
359
961
262
599
471
999
749
904
372
103
562
277
267
42
445
160
267
709
237
649
853
713
1000
63
368
990
597
994
498
738
668
328
716
309
115
991
135
29
324
636
375
488
802
868
804
293
66
106
89
223
688
914
404
430
104
364
413
16
262
552
561
807
392
82
235
552
447
263
830
681
738
381
325
637
490
10
123
329
69
601
126
768
643
823
608
75
204
38
29
552
551
930
161
366
522
508
713
711
401
0
278
66
955
888
663
363
496
582
922
623
922
39
755
469
358
667
243
889
567
583
459
761
906
168
7
803
485
294
402
522
727
738
731
68
696
403
416
29
254
334
545
867
609
741
297
625
685
482
494
479
54
207
445
431
57
231
214
84
954
168
", stderr: "" }